EST,Month,Max TemperatureF,Mean TemperatureF,Min TemperatureF,Max Dew PointF,MeanDew PointF,Min DewpointF,Max Humidity, Mean Humidity, Min Humidity, Max Sea Level PressureIn, Mean Sea Level PressureIn, Min Sea Level PressureIn, Max VisibilityMiles, Mean VisibilityMiles, Min VisibilityMiles, Max Wind SpeedMPH, Mean Wind SpeedMPH, Max Gust SpeedMPH,PrecipitationIn, CloudCover, Events, WindDirDegrees
1/1/2013,1,28,16,5,18,9,1,92,68,50,30.17,30.1,30.04,10,10,10,12,7,,0,5,,311
1/2/2013,1,25,13,1,17,10,-1,92,81,69,30.22,30.16,30.07,10,10,8,12,4,,0,6,,241
1/3/2013,1,30,20,10,24,15,4,82,75,67,30.19,30.14,30.09,10,8,4,15,7,21,0,7,,241
1/4/2013,1,28,24,21,23,18,15,82,73,61,30.22,30.13,30.06,10,10,8,23,14,30,0,3,,252
1/5/2013,1,32,20,8,29,18,7,93,86,75,30.3,30.19,30.04,8,4,0,13,5,18,0,3,Fog-Snow,217
1/6/2013,1,35,34,32,31,28,24,87,81,70,30.28,30.01,29.91,10,6,3,16,11,25,0,8,Snow,255
1/7/2013,1,33,30,26,24,22,19,79,73,66,30.4,30.3,30.17,10,9,7,18,7,26,0,3,,226
1/8/2013,1,34,25,16,26,20,14,93,83,70,30.28,30.22,30.17,7,4,2,9,6,,0,0,,204
1/9/2013,1,45,30,15,31,23,14,100,75,44,30.47,30.18,30.07,10,6,1,22,6,32,0,1,,253
1/10/2013,1,39,29,19,32,25,16,89,78,60,30.59,30.45,30.17,10,8,2,12,3,,0.05,2,Rain,120
1/11/2013,1,57,46,35,50,40,32,100,90,72,30.15,29.92,29.77,10,5,1,16,8,23,0.61,6,Rain,160
1/12/2013,1,59,51,43,50,46,41,100,89,69,29.94,29.89,29.84,10,5,0,13,6,17,0,1,Fog-Rain,207
1/13/2013,1,50,41,30,48,37,33,100,89,81,30.06,29.86,29.73,10,7,2,17,10,23,0.63,8,Rain-Snow,335
1/14/2013,1,30,24,17,17,15,14,88,75,66,30.45,30.33,30.04,10,10,10,22,12,28,0,6,,291
1/15/2013,1,30,21,12,19,15,9,92,77,58,30.46,30.36,30.16,10,10,7,5,1,,0,0,,187
1/16/2013,1,37,27,17,26,18,14,92,69,39,30.14,29.97,29.84,10,10,7,20,6,28,0,4,,258
1/17/2013,1,37,28,19,27,18,4,75,61,43,30.33,30.16,29.99,10,10,10,20,11,31,0,3,,308
1/18/2013,1,34,24,15,22,14,6,77,60,46,30.45,30.28,30,10,10,10,21,8,29,0,4,,222
1/19/2013,1,48,41,34,33,27,21,68,58,48,29.98,29.85,29.62,10,10,10,22,15,29,0,1,,227
1/20/2013,1,44,30,17,32,7,4,63,56,48,30.16,30.02,29.58,10,10,10,23,16,37,0,7,,294
1/21/2013,1,18,10,3,13,7,-3,88,75,59,30.14,30.01,29.93,10,4,0,21,8,28,0.01,8,Fog-Snow,292
1/22/2013,1,10,2,-7,5,-2,-13,85,72,58,30.32,30.24,30.09,10,7,1,15,8,20,0,6,Snow,270
1/23/2013,1,17,9,1,11,5,-1,92,78,62,30.31,30.17,30.05,10,7,2,14,6,,0,8,Snow,247
1/24/2013,1,19,12,5,9,4,-4,85,70,41,30.6,30.43,30.08,10,9,2,13,8,21,0,2,Snow,338
1/25/2013,1,19,16,12,18,13,3,96,82,64,30.49,30.14,29.99,10,4,0,8,4,,0.06,8,Fog-Snow,165
1/26/2013,1,25,18,12,18,15,9,96,80,59,30.48,30.27,30.02,10,8,4,10,4,,0,7,Snow,302
1/27/2013,1,30,16,3,27,16,0,100,86,61,30.5,30.35,30.13,10,4,0,15,4,21,0.2,5,Fog-Rain-Snow,141
1/28/2013,1,43,36,30,43,36,28,100,96,92,30.12,29.97,29.88,5,2,0,15,9,24,0.21,8,Fog-Rain-Snow,214
1/29/2013,1,57,46,35,54,47,35,100,96,87,30.01,29.76,29.47,10,3,0,25,6,90,0.53,8,Fog-Rain-Thunderstorm,188
1/30/2013,1,61,47,32,57,47,24,100,90,73,29.42,29.24,29.14,10,7,0,25,12,41,0.53,8,Fog-Rain,227
1/31/2013,1,30,22,15,23,15,9,89,76,60,29.91,29.65,29.27,10,5,0,30,20,44,0,8,Snow,273
2/1/2013,2,18,13,8,13,8,0,88,75,62,30.31,30.12,29.88,10,6,0,21,11,26,0,7,Snow,267
2/2/2013,2,23,16,8,19,13,4,93,82,71,30.23,30.02,29.92,10,4,1,12,8,,0.01,8,Snow,235
2/3/2013,2,21,10,0,18,9,-4,87,78,62,30.03,29.93,29.83,10,7,0,17,6,25,0,7,Fog-Snow,276
2/4/2013,2,23,18,14,19,16,12,93,85,78,30.04,29.94,29.86,10,4,1,6,2,,0.02,8,Snow,143
2/5/2013,2,28,20,12,25,18,10,96,87,69,29.97,29.89,29.8,10,6,0,15,4,22,0.01,7,Fog-Snow,226
2/6/2013,2,28,16,5,22,13,2,92,71,56,30.33,30.21,30,10,10,7,14,7,21,0,2,Snow,297
2/7/2013,2,39,32,24,27,23,16,88,74,62,30.3,30.11,29.86,10,9,4,12,5,17,0.01,5,Rain,99
2/8/2013,2,30,24,18,28,23,14,93,83,63,30.37,29.97,29.76,10,5,1,23,12,33,0.24,7,Rain-Snow,3
2/9/2013,2,28,17,6,19,15,3,96,80,58,30.47,30.4,30.31,10,10,7,9,5,,0,0,,143
2/10/2013,2,41,30,19,37,26,18,96,80,60,30.28,30.02,29.68,10,9,7,10,5,,0.11,5,Rain,127
2/11/2013,2,44,38,30,42,30,24,97,76,64,29.9,29.69,29.57,10,10,5,31,15,41,0.01,8,Rain,244
2/12/2013,2,33,30,27,24,22,19,79,71,64,30.06,29.99,29.91,10,10,8,18,13,25,0,8,Snow,276
2/13/2013,2,37,32,26,25,22,19,88,73,55,29.94,29.83,29.75,10,9,5,8,5,,0,4,,234
2/14/2013,2,39,32,26,34,30,25,96,83,68,29.86,29.75,29.68,10,6,2,24,9,34,0,7,Snow,220
2/15/2013,2,33,28,19,27,16,10,80,62,45,30.14,30.04,29.88,10,10,10,14,11,22,0,7,,300
2/16/2013,2,26,19,12,19,15,7,93,79,48,30.12,30.03,29.96,10,5,1,20,5,22,0,7,Snow,304
2/17/2013,2,25,18,10,12,6,1,88,66,39,30.23,30.16,30.04,10,10,4,17,8,20,0,2,Snow,319
2/18/2013,2,46,31,16,35,20,7,71,60,45,30.22,29.95,29.61,10,10,10,18,8,24,0,3,,164
2/19/2013,2,43,30,17,40,22,10,93,81,68,29.96,29.69,29.42,10,5,0,29,19,39,0.18,8,Fog-Rain-Snow,250
2/20/2013,2,21,18,15,14,10,5,79,67,57,30.26,30.13,29.93,10,9,5,23,15,29,0,8,Snow,294
2/21/2013,2,26,24,21,17,14,11,82,71,60,30.39,30.33,30.27,10,10,9,12,8,16,0,6,,40
2/22/2013,2,33,27,21,32,25,17,100,90,74,30.27,29.97,29.88,10,4,0,16,10,25,0.11,8,Fog-Snow,130
2/23/2013,2,33,27,19,28,20,14,89,69,59,29.95,29.91,29.87,10,10,9,16,11,25,0,7,,249
2/24/2013,2,36,25,14,26,21,12,92,79,59,30.17,30.05,29.93,10,8,3,17,7,,0,6,Snow,267
2/25/2013,2,41,28,15,24,20,12,100,73,50,30.25,30.18,30.11,10,8,4,8,2,,0,1,,115
2/26/2013,2,34,30,27,32,29,19,96,85,64,30.11,29.69,29.49,10,4,0,20,12,31,0.82,6,Fog-Rain-Snow,77
2/27/2013,2,35,34,33,34,32,31,100,93,85,29.59,29.51,29.43,10,4,0,12,7,17,0.3,8,Fog-Snow,187
2/28/2013,2,37,34,30,32,29,24,96,84,70,29.97,29.74,29.55,10,8,2,18,9,25,0,8,Snow,347
3/1/2013,3,28,26,25,24,20,18,82,76,71,30.12,30.06,29.98,10,10,10,15,11,21,0,8,,12
3/2/2013,3,26,24,23,19,18,16,81,74,69,30.1,30.09,30.07,10,9,5,10,8,,0,8,Snow,341
3/3/2013,3,28,20,12,16,13,9,92,70,49,30.08,30.06,30.01,10,10,8,13,7,21,0,4,Snow,315
3/4/2013,3,33,22,10,18,14,7,88,69,50,30.17,30.13,30.09,10,10,10,8,3,,0,0,,296
3/5/2013,3,34,26,19,25,21,16,92,76,61,30.14,29.98,29.84,10,10,5,15,8,24,0,4,,79
3/6/2013,3,39,32,26,28,26,21,82,73,61,30.22,30.06,29.84,10,10,10,14,9,22,0,5,,10
3/7/2013,3,36,32,23,29,25,18,89,74,59,30.41,30.32,30.22,10,9,7,12,5,,0,7,,340
3/8/2013,3,43,31,19,27,22,17,96,72,49,30.51,30.46,30.42,10,10,10,7,2,,0,0,,342
3/9/2013,3,42,32,21,31,27,20,92,77,62,30.42,30.27,30.06,10,10,6,12,3,18,0,2,,135
3/10/2013,3,61,48,35,44,38,30,85,62,51,30.04,29.92,29.81,10,10,10,17,6,25,0.01,3,Rain,188
3/11/2013,3,54,46,37,48,44,31,100,84,64,29.81,29.63,29.48,10,8,2,24,12,33,0.28,8,Rain,210
3/12/2013,3,37,32,28,31,28,24,93,80,67,29.94,29.84,29.71,10,9,2,17,12,23,0.01,8,Snow,248
3/13/2013,3,32,28,24,27,21,12,93,76,53,30.21,29.97,29.85,10,6,1,24,11,31,0,7,Snow,282
3/14/2013,3,42,30,19,21,17,11,85,60,38,30.28,30.21,30.1,10,10,10,13,8,20,0,0,,277
3/15/2013,3,41,34,30,34,30,20,100,81,59,30.09,29.92,29.84,10,6,1,15,8,84,0.06,7,Rain-Snow,296
3/16/2013,3,34,31,28,32,26,20,100,87,66,30.06,29.84,29.74,10,5,1,18,8,71,0.09,8,Snow,39
3/17/2013,3,34,26,21,23,17,12,80,67,51,30.28,30.18,30.04,10,10,10,15,8,18,0,3,,31
3/18/2013,3,35,29,23,36,28,15,100,87,69,30.18,29.74,29.54,10,5,1,20,11,28,0.04,7,Rain-Snow,107
3/19/2013,3,35,29,23,30,17,12,87,68,58,29.96,29.78,29.61,10,8,2,25,17,38,0,8,Snow,256
3/20/2013,3,30,24,17,16,13,8,71,63,47,29.97,29.93,29.89,10,8,2,18,13,26,0,6,Snow,283
3/21/2013,3,33,24,15,21,17,9,84,73,56,29.96,29.9,29.85,10,8,2,17,11,24,0,7,Snow,288
3/22/2013,3,41,32,26,21,18,15,75,60,43,30.04,29.99,29.93,10,10,8,14,10,24,0,5,Snow,303
3/23/2013,3,39,29,21,23,20,16,89,68,52,30.12,30.08,30.03,10,10,9,8,4,,0,3,,342
3/24/2013,3,37,28,21,23,21,17,85,69,46,30.04,29.87,29.64,10,10,8,20,7,29,0,4,,57
3/25/2013,3,41,34,30,27,24,21,80,65,51,29.92,29.67,29.55,10,9,5,18,14,25,0,8,Snow,26
3/26/2013,3,46,38,33,29,26,22,78,65,49,30.13,30.04,29.93,10,10,9,16,10,21,0,8,Snow,317
3/27/2013,3,48,38,30,29,24,22,82,60,40,30.22,30.17,30.13,10,10,10,18,12,25,0,4,,298
3/28/2013,3,54,42,30,26,23,21,75,52,31,30.28,30.25,30.22,10,10,10,15,9,21,0,4,,306
3/29/2013,3,54,40,27,23,20,17,75,50,25,30.3,30.26,30.21,10,10,10,10,5,16,0,1,,307
3/30/2013,3,55,38,21,29,22,16,92,53,22,30.23,30.12,29.94,10,10,10,14,3,21,0,0,,217
3/31/2013,3,60,44,30,43,34,27,89,69,32,29.92,29.72,29.63,10,7,2,20,6,28,0.05,6,Rain,259
4/1/2013,4,39,33,26,27,15,10,73,48,30,30.12,29.95,29.72,10,10,10,20,13,26,0,4,Snow,311
4/2/2013,4,43,30,19,18,12,9,82,52,27,30.27,30.17,30.1,10,10,10,20,8,29,0,3,,284
4/3/2013,4,43,31,19,17,12,8,74,46,25,30.44,30.37,30.26,10,10,10,14,6,23,0,1,,308
4/4/2013,4,55,37,19,24,15,12,85,49,19,30.38,30.17,29.97,10,10,10,14,4,20,0,0,,231
4/5/2013,4,50,42,32,29,20,13,73,43,23,30.22,30.1,29.95,10,10,10,14,6,23,0,1,,16
4/6/2013,4,54,41,30,28,21,17,66,48,30,30.26,30.1,29.8,10,10,10,16,8,23,0,3,,131
4/7/2013,4,57,50,41,44,36,24,67,53,31,30.04,29.83,29.64,10,10,10,23,15,32,0,4,,276
4/8/2013,4,66,50,35,54,39,30,89,77,56,30.06,29.9,29.71,10,7,2,24,6,36,0.18,3,Rain,115
4/9/2013,4,55,49,43,45,42,39,89,80,66,30.09,29.99,29.89,10,7,5,10,6,,0,6,Rain,75
4/10/2013,4,48,44,39,45,41,37,100,91,83,29.99,29.93,29.85,10,6,1,32,11,69,0.23,8,Rain-Thunderstorm,53
4/11/2013,4,39,38,37,38,37,35,100,94,89,29.94,29.86,29.65,10,5,2,20,12,32,1.21,8,Rain-Thunderstorm,74
4/12/2013,4,44,40,35,40,35,30,97,85,67,29.79,29.64,29.53,10,8,2,21,9,29,0.32,8,Rain,256
4/13/2013,4,43,39,35,36,31,24,93,75,55,30.01,29.86,29.8,10,9,2,20,12,30,0.01,8,Rain-Snow,252
4/14/2013,4,48,39,30,33,31,26,92,71,54,30.13,30.04,29.95,10,10,9,14,4,22,0.01,5,Rain,133
4/15/2013,4,69,52,37,54,44,32,83,69,54,29.97,29.93,29.88,10,10,10,17,7,26,0,3,Rain,175
4/16/2013,4,62,55,48,52,43,30,93,71,37,30.22,30.04,29.88,10,9,2,15,8,25,0.17,6,Rain,301
4/17/2013,4,57,49,41,43,37,29,89,69,43,30.34,30.2,30.05,10,8,2,14,9,21,0.85,6,Rain-Thunderstorm,77
4/18/2013,4,78,60,44,64,56,42,97,87,60,30.02,29.71,29.57,10,8,1,28,12,47,0.8,7,Rain-Thunderstorm,200
4/19/2013,4,59,47,35,57,39,27,100,80,62,29.77,29.54,29.34,10,9,3,30,14,43,0.35,8,Rain-Snow,243
4/20/2013,4,42,34,30,30,22,15,87,62,41,30.45,30.07,29.76,10,9,1,20,15,26,0,6,Snow,289
4/21/2013,4,46,34,23,27,23,20,92,62,40,30.63,30.55,30.47,10,10,9,14,4,18,0,0,,131
4/22/2013,4,62,46,30,35,29,23,89,56,25,30.47,30.33,30.2,10,10,7,9,4,,0,0,,114
4/23/2013,4,71,53,35,54,42,32,96,69,36,30.18,29.99,29.8,10,9,2,17,5,28,0.24,3,Rain,181
4/24/2013,4,55,44,32,54,38,25,97,89,62,30.16,29.88,29.73,10,6,2,18,8,25,0.45,7,Rain-Snow,305
4/25/2013,4,52,40,28,39,31,24,89,75,39,30.37,30.19,30.13,10,9,2,17,8,28,0.12,3,Rain,247
4/26/2013,4,60,42,27,37,32,27,100,67,39,30.48,30.41,30.36,10,9,5,15,4,20,0,0,,189
4/27/2013,4,69,49,30,41,34,29,100,76,24,30.38,30.3,30.11,10,5,0,9,1,,0,0,Fog,150
4/28/2013,4,54,51,48,54,49,34,100,89,50,30.1,29.91,29.84,10,4,0,10,5,,0.22,8,Fog-Rain,100
4/29/2013,4,71,60,51,54,53,51,100,83,53,29.94,29.9,29.84,10,7,0,10,4,,0.02,7,Fog-Rain,254
4/30/2013,4,73,62,52,55,53,50,93,75,53,30.07,30.01,29.95,10,9,4,17,7,25,0,2,,177
5/1/2013,5,81,62,44,56,49,44,100,78,38,30.24,30.15,30.08,10,6,0,13,2,16,0,0,Fog,142
5/2/2013,5,80,66,53,54,49,43,93,58,35,30.25,30.2,30.14,10,10,10,14,4,21,0,0,,132
5/3/2013,5,75,65,55,55,45,32,69,48,23,30.12,30.09,30.05,10,10,10,16,5,23,0,1,,111
5/4/2013,5,71,63,55,47,40,33,69,46,28,30.12,30.09,30.05,10,10,10,17,9,24,0,0,,105
5/5/2013,5,72,62,53,44,38,32,62,45,25,30.11,30.06,30.02,10,10,10,15,7,20,0,0,,93
5/6/2013,5,73,60,46,48,43,37,77,54,38,30.06,30.02,29.98,10,10,10,13,6,17,0,0,,83
5/7/2013,5,75,62,48,52,48,40,86,60,38,30.06,30.02,29.99,10,10,10,12,4,21,0,1,,80
5/8/2013,5,80,64,48,57,50,44,96,65,35,30.02,29.98,29.94,10,10,10,9,3,,0.07,4,Rain-Thunderstorm,70
5/9/2013,5,80,61,44,55,48,43,100,75,32,29.97,29.94,29.9,10,5,0,9,1,,0,1,Fog,240
5/10/2013,5,73,57,44,61,53,39,96,81,64,29.92,29.8,29.76,10,8,2,17,8,23,0.22,7,Rain,265
5/11/2013,5,63,49,35,47,41,31,89,78,52,29.92,29.85,29.75,10,10,8,21,9,31,0.02,6,Rain,294
5/12/2013,5,50,41,30,32,28,23,89,63,43,30.11,29.98,29.89,10,10,10,21,11,32,0,5,,286
5/13/2013,5,55,38,21,31,23,19,92,57,25,30.19,30.14,30.11,10,10,10,14,5,20,0,1,,298
5/14/2013,5,79,60,41,53,40,29,69,50,35,30.11,29.9,29.73,10,10,9,18,7,25,0,3,,187
5/15/2013,5,82,68,55,58,48,41,84,47,26,29.79,29.7,29.6,10,10,10,23,8,32,0,0,,286
5/16/2013,5,84,64,46,48,43,38,83,46,24,30.02,29.88,29.79,10,10,10,16,5,22,0,0,,328
5/17/2013,5,73,62,50,45,41,34,68,48,31,30.15,30.1,30.03,10,10,10,12,7,18,0,2,,89
5/18/2013,5,80,67,54,53,45,37,64,50,36,30.15,30.1,30.04,10,10,10,10,6,,0,1,,105
5/19/2013,5,84,66,48,63,55,44,83,62,43,30.05,29.97,29.9,10,10,10,12,2,,0,0,,143
5/20/2013,5,90,73,57,68,62,55,94,69,39,29.94,29.87,29.78,10,8,2,20,4,26,0,1,,208
5/21/2013,5,84,75,64,66,61,55,93,63,40,29.82,29.76,29.72,10,9,2,18,7,32,0.2,2,Rain,215
5/22/2013,5,81,70,60,64,62,57,100,87,50,29.76,29.72,29.63,10,7,1,30,5,81,0.11,3,Rain-Thunderstorm,215
5/23/2013,5,64,54,44,59,51,40,100,88,75,30.16,29.85,29.71,10,6,1,21,8,25,0.12,7,Rain,301
5/24/2013,5,57,48,37,41,36,30,93,70,44,30.35,30.28,30.16,10,10,10,15,8,22,0,4,,356
5/25/2013,5,66,46,28,38,33,28,100,76,32,30.41,30.34,30.29,10,6,0,7,1,,0,0,Fog,41
5/26/2013,5,71,51,32,42,34,29,100,70,26,30.35,30.3,30.23,10,7,0,7,1,,0,0,Fog,51
5/27/2013,5,59,50,43,48,41,36,88,73,55,30.27,30.15,30.01,10,7,2,12,4,16,0.7,6,Rain,107
5/28/2013,5,79,65,52,70,62,53,100,87,71,29.99,29.91,29.82,10,6,1,15,5,24,0.13,7,Rain-Thunderstorm,154
5/29/2013,5,84,73,64,67,64,60,97,72,51,30,29.93,29.82,10,9,1,18,9,29,0,1,,247
5/30/2013,5,88,72,57,70,63,57,100,83,49,30.06,30.02,29.97,10,6,0,17,3,28,0.08,2,Fog-Rain-Thunderstorm,202
5/31/2013,5,81,74,66,70,67,64,94,83,60,30,29.93,29.88,10,9,1,18,8,36,0.11,4,Rain-Thunderstorm,215
6/1/2013,6,79,70,62,67,63,60,100,82,60,29.86,29.79,29.7,10,10,6,16,11,24,0.19,5,Rain-Thunderstorm,213
6/2/2013,6,72,63,54,64,56,43,94,75,61,29.98,29.78,29.67,10,10,10,16,9,25,0,6,,267
6/3/2013,6,68,54,43,45,39,37,89,57,36,30.09,30.04,29.99,10,10,10,12,8,20,0,1,,342
6/4/2013,6,73,58,43,49,44,33,93,58,34,30.2,30.16,30.11,10,10,10,9,4,,0,0,,48
6/5/2013,6,73,60,48,49,43,32,86,54,36,30.17,30.09,30,10,10,10,10,5,16,0,0,,87
6/6/2013,6,71,63,55,54,48,41,72,61,53,30,29.9,29.85,10,10,10,13,7,,0,2,,38
6/7/2013,6,62,56,51,52,50,47,90,78,67,29.92,29.9,29.87,10,10,10,10,7,,0,6,,13
6/8/2013,6,73,64,55,54,52,50,90,70,47,30.08,29.97,29.91,10,10,10,6,2,,0,6,,112
6/9/2013,6,75,64,54,58,55,52,93,69,50,30.11,30.05,29.95,10,9,5,15,5,21,0,4,,100
6/10/2013,6,72,66,60,66,62,58,100,93,78,29.96,29.83,29.74,10,5,1,10,4,,1.39,7,Rain-Thunderstorm,78
6/11/2013,6,82,72,64,66,63,61,94,77,56,29.9,29.85,29.78,10,8,5,13,7,20,0,5,,300
6/12/2013,6,79,68,59,69,64,57,94,82,66,29.91,29.81,29.65,10,7,2,10,3,,0.06,4,Rain-Thunderstorm,98
6/13/2013,6,78,70,62,66,60,54,100,71,45,29.93,29.68,29.53,10,6,0,33,11,43,1.77,6,Fog-Rain-Thunderstorm,13
6/14/2013,6,77,67,53,58,54,50,93,66,40,30.07,30.02,29.94,10,10,10,12,7,,0,1,,358
6/15/2013,6,79,64,48,62,54,48,100,86,50,30.09,30.04,29.94,10,6,0,14,2,21,0.01,1,Fog-Rain,235
6/16/2013,6,82,69,57,65,62,54,94,78,43,29.9,29.85,29.79,10,8,1,16,8,21,0.35,4,Rain-Thunderstorm,258
6/17/2013,6,86,69,54,64,58,52,97,66,38,29.93,29.89,29.83,10,10,10,12,4,17,0,1,,264
6/18/2013,6,73,64,55,61,53,41,96,69,39,30.08,29.97,29.88,10,10,6,14,8,16,0.01,2,Rain-Thunderstorm,34
6/19/2013,6,75,60,48,53,47,39,89,61,42,30.17,30.13,30.07,10,10,10,8,4,,0,0,,76
6/20/2013,6,82,62,44,57,51,45,100,72,38,30.22,30.19,30.15,10,8,0,9,2,,0,0,Fog,193
6/21/2013,6,86,69,54,64,58,52,97,67,38,30.21,30.15,30.06,10,10,6,10,3,,0.02,1,,203
6/22/2013,6,87,72,61,73,67,58,93,76,65,30.09,30.05,30,10,9,7,12,4,18,0,3,Thunderstorm,239
6/23/2013,6,88,77,66,69,66,64,96,70,48,30.08,30.03,29.98,10,9,6,14,6,22,0,0,,227
6/24/2013,6,87,76,64,70,67,62,93,71,53,30.06,30,29.93,10,9,5,17,7,25,0,1,Rain-Thunderstorm,228
6/25/2013,6,84,74,66,72,68,63,94,84,67,30.01,29.91,29.83,10,8,2,21,7,31,0.61,4,Rain-Thunderstorm,251
6/26/2013,6,82,73,64,70,67,63,100,85,62,29.92,29.83,29.75,10,8,2,14,5,26,0.4,4,Rain-Thunderstorm,217
6/27/2013,6,82,72,64,71,67,64,100,92,69,29.79,29.73,29.63,10,5,0,21,3,25,1.44,6,Fog-Rain-Thunderstorm,29
6/28/2013,6,78,69,60,67,63,57,100,89,61,29.65,29.59,29.52,10,6,0,17,4,41,1.76,5,Fog-Rain-Thunderstorm,312
6/29/2013,6,73,66,60,65,62,58,100,90,68,29.74,29.61,29.55,10,7,0,10,2,,0.3,7,Fog-Rain-Thunderstorm,2
6/30/2013,6,80,69,59,60,58,54,93,69,47,29.94,29.84,29.74,10,10,10,13,6,22,0,2,,46
7/1/2013,7,66,62,59,59,54,46,90,75,58,30.06,30,29.94,10,10,5,12,7,,0.25,5,Rain,33
7/2/2013,7,73,66,59,63,59,54,94,79,68,30.07,30.04,30.02,10,10,8,8,5,,0.02,6,Rain,66
7/3/2013,7,82,70,59,68,63,57,100,82,54,30.12,30.08,30.04,10,7,1,10,3,,0,4,,157
7/4/2013,7,80,70,62,67,64,62,100,88,58,30.15,30.1,30.08,10,5,0,9,1,,0,3,Fog,239
7/5/2013,7,82,75,69,70,67,62,94,81,52,30.12,30.09,30.06,10,7,1,8,3,,0.03,5,Rain,236
7/6/2013,7,82,73,64,72,67,63,100,91,65,30.12,30.08,30,10,5,0,10,1,17,0.2,3,Fog-Rain,184
7/7/2013,7,81,75,68,70,68,65,100,87,65,30.05,30.03,29.97,10,7,1,10,5,,0.58,7,Rain-Thunderstorm,232
7/8/2013,7,84,73,64,75,70,64,100,84,70,30.05,30.01,29.99,10,8,2,14,4,32,0.04,4,Rain-Thunderstorm,224
7/9/2013,7,88,78,69,74,71,68,100,89,61,30,29.96,29.88,10,5,0,22,3,30,0.3,6,Fog-Rain-Thunderstorm,243
7/10/2013,7,87,76,69,76,70,56,96,82,54,29.94,29.83,29.78,10,7,1,28,7,37,0.21,4,Rain-Thunderstorm,242
7/11/2013,7,80,70,57,57,55,52,96,61,44,30.07,30.02,29.95,10,10,10,13,6,18,0,2,,7
7/12/2013,7,81,66,51,61,57,51,100,73,43,30.16,30.12,30.08,10,10,6,12,3,,0,1,,80
7/13/2013,7,82,71,60,66,62,57,93,72,46,30.22,30.18,30.14,10,10,7,9,4,,0.01,0,,92
7/14/2013,7,88,75,62,71,67,61,97,76,53,30.26,30.24,30.21,10,10,4,7,3,,0,2,,117
7/15/2013,7,91,78,66,75,72,66,100,86,59,30.3,30.27,30.23,10,6,0,12,2,24,0.56,4,Fog-Rain-Thunderstorm,164
7/16/2013,7,91,82,73,77,74,71,97,79,55,30.31,30.27,30.24,10,8,1,10,4,,0.02,3,Thunderstorm,273
7/17/2013,7,91,80,70,77,74,69,97,79,63,30.29,30.23,30.16,10,9,4,12,4,,0,1,Rain,276
7/18/2013,7,93,80,70,76,73,69,97,77,55,30.16,30.07,29.97,10,9,2,14,4,,0,1,Thunderstorm,255
7/19/2013,7,93,83,75,74,72,69,91,70,52,29.97,29.83,29.74,10,10,7,23,10,28,0,1,Thunderstorm,239
7/20/2013,7,86,76,64,73,67,58,100,77,41,29.93,29.82,29.72,10,9,2,17,7,34,0.26,4,Rain-Thunderstorm,324
7/21/2013,7,82,73,64,66,61,54,93,69,50,30.01,29.96,29.92,10,10,6,7,3,,0,1,,80
7/22/2013,7,81,72,64,69,66,62,97,80,54,29.95,29.86,29.77,10,9,4,8,2,,0.03,2,Rain,162
7/23/2013,7,87,74,59,71,64,50,100,84,58,29.88,29.75,29.68,10,6,0,17,4,23,0.07,3,Fog-Rain-Thunderstorm,291
7/24/2013,7,73,65,53,52,50,48,93,64,46,30.06,29.99,29.9,10,10,10,12,7,17,0,3,,14
7/25/2013,7,75,58,42,56,49,43,100,84,41,30.12,30.08,30.06,10,6,0,6,1,,0,0,Fog,168
7/26/2013,7,79,63,48,61,55,48,100,83,50,30.11,30.04,29.92,10,5,0,15,1,18,0,1,Fog-Rain,191
7/27/2013,7,75,64,52,67,62,49,96,88,73,29.91,29.82,29.74,10,7,0,15,5,25,0.43,6,Fog-Rain-Thunderstorm,216
7/28/2013,7,66,56,48,53,51,47,97,80,63,29.99,29.9,29.85,10,10,9,17,7,22,0,6,,234
7/29/2013,7,70,62,53,56,53,50,96,78,53,30.19,30.09,29.99,10,10,2,15,5,21,0,6,,273
7/30/2013,7,78,62,46,61,52,45,100,85,48,30.24,30.19,30.13,10,5,0,7,2,,0,0,Fog,222
7/31/2013,7,77,68,60,68,65,59,96,89,67,30.13,29.97,29.89,10,6,2,9,3,,0.15,7,Rain,223
8/1/2013,8,80,68,54,64,61,52,100,82,47,29.94,29.91,29.88,10,8,4,13,6,16,0.02,5,Rain-Thunderstorm,298
8/2/2013,8,73,60,48,65,56,46,100,87,61,29.94,29.91,29.86,10,7,1,20,4,25,0,2,Rain,244
8/3/2013,8,81,66,53,63,56,49,100,76,35,30.05,29.97,29.92,10,6,0,12,3,20,0.01,1,Fog,329
8/4/2013,8,75,65,55,54,52,50,87,61,43,30.16,30.12,30.06,10,10,10,13,6,29,0,2,,3
8/5/2013,8,72,60,48,57,53,48,100,72,49,30.13,30.06,29.97,10,10,9,8,1,,0,3,,168
8/6/2013,8,79,70,63,68,62,57,93,79,64,29.97,29.93,29.9,10,10,7,12,5,,0.05,6,Rain,190
8/7/2013,8,84,73,62,71,66,62,100,90,58,29.93,29.89,29.84,10,5,0,15,3,22,0.12,4,Fog-Rain-Thunderstorm,205
8/8/2013,8,78,72,66,68,63,59,96,76,60,30.01,29.97,29.9,10,10,5,13,7,,0,5,,28
8/9/2013,8,82,70,59,62,56,49,90,64,38,30.01,29.97,29.95,10,10,10,12,4,16,0,0,,299
8/10/2013,8,78,68,59,61,59,56,96,72,52,30.13,30.09,30.03,10,10,10,8,4,81,0,4,,55
8/11/2013,8,81,66,51,61,55,51,100,82,42,30.13,30.11,30.04,10,6,0,12,1,,0,2,Fog,270
8/12/2013,8,73,67,61,67,63,58,100,93,71,30.06,29.97,29.86,10,5,0,18,3,30,1.54,8,Fog-Rain-Thunderstorm,230
8/13/2013,8,69,63,55,64,52,43,97,71,45,30.07,29.95,29.83,10,10,6,14,9,23,0,5,,338
8/14/2013,8,72,60,48,51,47,44,97,68,42,30.17,30.14,30.08,10,10,10,13,6,,0,1,,336
8/15/2013,8,73,58,44,55,48,44,100,82,44,30.19,30.15,30.11,10,6,0,9,2,,0,1,Fog,247
8/16/2013,8,79,63,48,57,51,46,100,80,39,30.21,30.16,30.13,10,6,0,7,1,,0.01,1,Fog,21
8/17/2013,8,79,63,48,59,53,48,100,86,42,30.27,30.23,30.2,10,5,0,9,1,,0,0,Fog,118
8/18/2013,8,81,66,53,65,57,54,100,87,45,30.22,30.19,30.12,10,5,0,8,1,,0,1,Fog,90
8/19/2013,8,82,66,50,63,55,50,100,89,42,30.14,30.11,30.05,10,4,0,13,1,16,0.01,0,Fog,276
8/20/2013,8,84,68,53,66,59,54,100,88,49,30.15,30.11,30.08,10,4,0,9,1,28,0,1,Fog,228
8/21/2013,8,84,70,57,69,62,57,100,90,53,30.16,30.11,30,10,4,0,18,1,84,0,1,Fog,213
8/22/2013,8,81,74,68,69,66,64,93,79,60,30.05,30.02,29.96,10,9,6,12,6,,0,2,Rain,288
8/23/2013,8,82,71,61,67,54,45,87,57,28,30.2,30.12,30.05,10,10,10,9,5,,0,0,,31
8/24/2013,8,81,66,51,64,55,51,100,77,46,30.32,30.28,30.21,10,8,0,8,1,,0,1,Fog,132
8/25/2013,8,86,68,51,64,57,50,100,83,44,30.3,30.26,30.17,10,5,0,13,2,81,0.01,0,Fog,237
8/26/2013,8,89,74,61,71,66,59,100,76,54,30.17,30.07,29.99,10,8,0,17,6,22,0,0,Fog,249
8/27/2013,8,84,76,69,76,72,68,100,90,74,30.03,29.96,29.86,10,5,0,18,4,25,0.58,3,Fog-Rain-Thunderstorm,236
8/28/2013,8,84,76,71,75,72,68,100,86,67,30,29.87,29.79,10,9,2,12,8,,0.09,6,Rain-Thunderstorm,334
8/29/2013,8,86,74,64,72,68,64,97,80,57,30.08,30.04,30.01,10,9,5,7,3,,0.01,2,,63
8/30/2013,8,87,72,59,73,66,59,100,86,53,30.02,29.92,29.76,10,5,0,15,2,23,0.17,2,Fog-Rain-Thunderstorm,233
8/31/2013,8,82,75,68,73,69,65,96,83,56,29.86,29.8,29.76,10,9,6,9,4,,0.01,7,Rain-Thunderstorm,342
9/1/2013,9,82,74,68,72,68,64,94,84,69,29.86,29.78,29.72,10,8,4,8,5,,0.04,6,Rain,141
9/2/2013,9,78,70,61,68,61,49,100,77,50,29.92,29.81,29.73,10,9,1,15,6,22,0,4,,319
9/3/2013,9,75,64,55,56,52,49,96,68,46,30.03,29.98,29.92,10,10,10,15,9,21,0,5,,317
9/4/2013,9,81,62,44,60,52,43,100,84,47,30.09,30.06,30.03,10,6,0,15,5,21,0,0,Fog,251
9/5/2013,9,72,63,55,61,51,43,90,69,38,30.27,30.19,30.09,10,10,10,12,7,,0,1,,359
9/6/2013,9,73,56,39,54,45,39,100,80,41,30.29,30.24,30.09,10,6,0,8,1,,0,0,Fog,183
9/7/2013,9,84,65,48,69,57,48,100,86,56,30.09,30.01,29.91,10,8,0,12,2,,0.02,2,Fog,249
9/8/2013,9,75,68,57,66,60,48,88,72,49,30.09,30.03,29.93,10,10,8,13,8,18,0,5,,46
9/9/2013,9,78,63,48,70,61,46,100,91,76,30.08,30,29.91,10,6,0,9,1,,0.33,4,Fog-Rain-Thunderstorm,148
9/10/2013,9,93,78,64,73,68,63,100,80,42,30.02,29.96,29.91,10,6,0,15,4,22,0,0,Fog,235
9/11/2013,9,90,77,64,72,68,63,100,77,52,30.04,29.99,29.92,10,8,1,22,6,39,0.1,2,Rain-Thunderstorm,253
9/12/2013,9,80,68,57,67,61,47,100,82,40,29.97,29.92,29.85,10,7,0,17,6,26,0,3,Fog,307
9/13/2013,9,62,49,37,47,43,36,96,68,51,30.15,30.06,29.97,10,10,9,16,10,22,0,4,,346
9/14/2013,9,68,49,32,46,36,30,100,85,33,30.2,30.15,30.11,10,5,0,7,1,,0,0,Fog,240
9/15/2013,9,66,50,37,54,43,37,100,91,56,30.14,30.1,30.07,10,5,0,12,1,,0.05,2,Rain,256
9/16/2013,9,64,56,46,54,50,41,100,81,48,30.38,30.25,30.13,10,9,2,13,5,18,0,5,,10
9/17/2013,9,68,49,32,50,38,30,100,83,38,30.42,30.37,30.24,10,6,0,10,2,,0,0,Fog,119
9/18/2013,9,73,58,42,57,50,41,100,78,42,30.22,30.14,30.05,10,9,2,8,1,,0,0,,161
9/19/2013,9,81,66,51,66,57,50,100,92,62,30.06,30.03,29.93,10,3,0,10,1,,0,3,Fog,206
9/20/2013,9,81,73,64,70,67,63,97,88,64,29.93,29.83,29.74,10,5,1,16,8,22,0.74,7,Rain-Thunderstorm,214
9/21/2013,9,69,62,57,64,54,46,100,76,45,29.88,29.75,29.69,10,9,5,18,7,24,0.03,6,Rain,306
9/22/2013,9,61,53,39,43,40,38,96,64,49,30.1,30,29.89,10,10,10,13,8,16,0,5,,356
9/23/2013,9,62,50,39,45,41,37,100,79,48,30.2,30.15,30.1,10,8,0,8,3,,0,3,Fog,54
9/24/2013,9,66,52,37,51,42,36,100,88,50,30.17,30.1,30,10,5,0,8,1,,0,2,Fog,96
9/25/2013,9,72,56,43,54,47,42,100,81,52,30.02,29.99,29.96,10,8,1,8,3,,0,0,,60
9/26/2013,9,75,57,39,52,44,39,100,85,37,30.15,30.06,30.01,10,5,0,8,1,,0,1,Fog,68
9/27/2013,9,75,56,39,58,47,39,100,88,52,30.25,30.19,30.15,10,5,0,10,1,37,0,0,Fog,113
9/28/2013,9,77,60,44,61,51,45,100,88,42,30.21,30.16,30.02,10,4,0,10,2,20,0.01,1,Fog,108
9/29/2013,9,64,58,51,63,57,50,100,92,83,30.03,29.99,29.97,10,5,0,10,3,,0.14,7,Fog-Rain,315
9/30/2013,9,71,59,48,58,54,46,100,88,49,30.02,29.98,29.93,10,6,0,10,2,132,0.01,4,Fog,272
10/1/2013,10,69,56,43,61,51,42,100,95,76,30.04,29.99,29.95,10,3,0,15,2,21,0,3,Fog,223
10/2/2013,10,81,66,51,59,53,43,100,79,28,30.08,30.03,29.96,10,6,0,7,4,,0.01,0,Fog,267
10/3/2013,10,75,63,51,66,61,49,100,84,69,30.06,30,29.94,10,8,0,14,3,21,0,4,Fog-Rain,205
10/4/2013,10,79,72,64,68,64,62,96,81,57,30.03,30,29.95,10,8,4,8,5,,0.01,2,Thunderstorm,213
10/5/2013,10,73,68,64,68,65,63,100,92,78,30.05,29.98,29.87,10,8,2,10,4,,0.17,7,Rain-Thunderstorm,130
10/6/2013,10,71,62,55,68,62,54,96,91,78,29.87,29.75,29.63,10,9,1,28,8,37,0.23,7,Rain,225
10/7/2013,10,61,50,39,54,45,37,100,81,57,30.14,29.86,29.69,10,9,1,24,9,30,0,5,,249
10/8/2013,10,66,50,33,47,37,32,100,86,37,30.3,30.21,30.13,10,4,0,10,1,,0,0,Fog,176
10/9/2013,10,70,52,35,53,41,36,100,82,36,30.32,30.27,30.23,10,7,0,9,1,,0,0,Fog,124
10/10/2013,10,72,54,37,53,41,36,100,82,31,30.24,30.2,30.14,10,5,0,6,1,,0,1,Fog,110
10/11/2013,10,73,54,35,53,41,35,100,84,42,30.16,30.12,30.08,10,6,1,7,1,,0,0,,100
10/12/2013,10,77,60,42,57,48,43,100,90,33,30.12,30.09,30.05,10,4,0,10,0,,0,1,Fog,136
10/13/2013,10,69,56,41,58,47,35,100,76,32,30.35,30.2,30.09,10,6,0,12,3,17,0,2,Fog,321
10/14/2013,10,64,54,44,44,41,38,89,68,41,30.42,30.35,30.28,10,10,10,10,5,,0,0,,39
10/15/2013,10,64,49,35,61,49,36,100,90,77,30.26,30.05,29.85,10,6,0,10,4,,0.04,5,Fog-Rain,143
10/16/2013,10,63,56,51,61,52,42,100,84,55,29.92,29.85,29.81,10,7,1,20,9,24,0,5,,237
10/17/2013,10,51,46,42,49,46,39,100,90,76,29.91,29.83,29.76,10,8,1,10,5,18,0.18,7,Rain,232
10/18/2013,10,64,49,37,45,40,37,100,82,42,29.92,29.89,29.85,10,7,0,14,6,21,0.01,3,Fog,233
10/19/2013,10,48,42,35,45,40,33,97,88,76,29.91,29.82,29.75,10,8,2,14,6,22,0.16,6,Rain,257
10/20/2013,10,60,46,34,42,38,32,96,71,44,29.92,29.88,29.85,10,10,9,14,6,21,0.02,5,Rain,216
10/21/2013,10,54,46,37,47,42,33,86,76,62,29.88,29.85,29.81,10,10,9,14,10,18,0.02,5,Rain,239
10/22/2013,10,51,38,28,34,29,25,89,68,46,29.94,29.9,29.86,10,10,10,17,9,25,0,5,,265
10/23/2013,10,50,38,30,34,30,23,96,73,40,29.94,29.88,29.83,10,9,5,13,6,21,0,5,,301
10/24/2013,10,48,38,30,34,30,25,93,77,44,30.19,30.04,29.94,10,10,9,14,8,17,0,5,,282
10/25/2013,10,48,39,30,34,29,26,93,75,44,30.34,30.25,30.13,10,10,9,17,8,20,0,4,,265
10/26/2013,10,50,42,35,39,31,25,93,66,48,30.1,29.91,29.8,10,9,2,20,14,33,0.07,7,Rain,251
10/27/2013,10,53,40,28,34,30,26,96,74,40,30.08,30.03,30,10,10,10,14,5,16,0,3,,250
10/28/2013,10,52,40,27,39,32,24,96,74,59,30.4,30.26,30.08,10,10,8,10,4,,0,5,,47
10/29/2013,10,52,43,34,37,33,29,86,67,54,30.44,30.37,30.25,10,10,10,7,5,,0,5,,70
10/30/2013,10,64,46,28,52,38,27,100,81,44,30.24,30.13,29.96,10,6,1,8,2,,0.18,2,Rain,130
10/31/2013,10,63,58,53,61,57,52,100,93,88,29.96,29.65,29.17,10,4,1,20,9,29,1.34,8,Rain-Thunderstorm,198
11/1/2013,11,60,52,44,59,44,38,94,81,71,29.67,29.47,29.15,10,10,6,28,16,41,0.05,8,Rain,251
11/2/2013,11,48,44,36,45,41,32,100,87,68,30.11,29.79,29.65,10,9,5,13,6,,0.16,8,Rain,316
11/3/2013,11,46,37,30,35,31,28,92,75,57,30.45,30.33,30.12,10,10,10,8,4,,0,4,,69
11/4/2013,11,48,39,30,34,30,27,96,70,43,30.48,30.4,30.32,10,10,10,14,6,22,0,0,,114
11/5/2013,11,54,44,35,47,42,31,89,81,71,30.37,30.31,30.18,10,10,9,8,3,,0,6,,192
11/6/2013,11,55,50,43,52,46,39,89,81,59,30.16,29.94,29.82,10,10,4,22,10,30,0.12,8,Rain,225
11/7/2013,11,44,40,34,38,31,23,93,71,45,30.15,30.09,29.98,10,10,7,21,11,29,0.02,6,Rain,303
11/8/2013,11,44,36,28,30,27,23,92,73,43,30.3,30.23,30.15,10,10,10,12,6,,0,3,,263
11/9/2013,11,55,45,35,39,34,29,79,60,47,30.18,29.94,29.81,10,10,10,23,10,33,0,4,,233
11/10/2013,11,48,38,28,36,28,24,88,62,46,30.28,30.14,29.92,10,10,10,24,12,32,0,5,,288
11/11/2013,11,44,36,28,38,30,19,93,81,67,30.32,30.14,30.02,10,7,1,18,9,25,0.14,7,Rain-Snow,312
11/12/2013,11,33,26,16,20,17,13,88,65,46,30.56,30.49,30.3,10,10,10,17,12,24,0,2,,322
11/13/2013,11,39,28,16,23,16,9,96,63,28,30.56,30.41,30.18,10,10,10,18,8,26,0,0,,233
11/14/2013,11,50,39,28,23,20,17,64,49,32,30.19,30.09,29.99,10,10,10,18,13,26,0,0,,221
11/15/2013,11,48,41,34,30,26,21,70,55,41,30.08,30.04,30.01,10,10,10,13,8,,0,2,,208
11/16/2013,11,57,42,28,52,40,27,93,83,67,30.11,30.01,29.81,10,9,5,14,5,23,0,6,,176
11/17/2013,11,63,56,46,61,55,39,100,88,65,29.79,29.53,29.26,10,8,1,36,14,59,0.81,8,Rain-Thunderstorm,202
11/18/2013,11,46,40,35,38,29,21,71,64,57,30.14,29.83,29.55,10,10,10,26,22,40,0,8,,282
11/19/2013,11,42,34,25,22,20,18,81,58,38,30.41,30.32,30.16,10,10,10,13,8,23,0,3,,339
11/20/2013,11,43,31,19,31,24,17,93,72,45,30.45,30.36,30.25,10,10,10,16,3,22,0,2,,139
11/21/2013,11,46,42,39,43,39,27,96,83,60,30.29,30.23,30.17,10,7,2,14,5,18,0.28,8,Rain,189
11/22/2013,11,46,36,26,45,38,22,100,88,67,30.38,30.21,30.13,10,6,1,20,5,28,0.06,7,Rain,308
11/23/2013,11,30,24,17,23,15,5,92,69,44,30.54,30.38,30.28,10,8,0,22,11,32,0,5,Snow,317
11/24/2013,11,25,18,10,14,8,6,84,66,45,30.62,30.55,30.45,10,10,10,16,10,21,0,2,,287
11/25/2013,11,30,24,18,25,16,9,93,68,49,30.43,30.21,30.1,10,9,1,18,12,28,0,5,Snow,227
11/26/2013,11,34,31,28,27,25,22,86,80,73,30.12,30.03,29.93,10,10,8,13,8,18,0,8,,242
11/27/2013,11,28,24,16,22,12,8,81,62,49,30.22,30.04,29.92,10,10,4,21,13,30,0,4,Snow,326
11/28/2013,11,28,22,15,19,16,9,88,76,56,30.44,30.31,30.23,10,8,0,13,5,,0,7,Fog-Snow,191
11/29/2013,11,33,22,12,21,16,8,92,73,45,30.67,30.6,30.45,10,10,8,7,1,,0,1,,158
11/30/2013,11,44,36,27,26,23,19,85,66,47,30.55,30.31,30.12,10,10,8,10,6,,0,2,,188
12/1/2013,12,45,34,24,33,29,21,100,77,57,30.1,30.03,29.97,10,8,3,12,3,,0,5,,337
12/2/2013,12,39,32,21,31,25,18,88,74,48,29.99,29.94,29.9,10,10,7,9,4,,0,5,,24
12/3/2013,12,37,32,26,36,31,21,93,86,75,29.92,29.88,29.84,10,6,2,9,5,,0.06,8,Rain-Snow,92
12/4/2013,12,57,47,37,54,43,35,96,88,82,29.91,29.8,29.64,10,5,2,13,4,26,0,8,,134
12/5/2013,12,63,46,30,54,37,21,88,63,37,30.16,29.84,29.62,10,10,9,21,13,31,0,5,,260
12/6/2013,12,46,34,21,20,15,11,68,51,32,30.37,30.26,30.13,10,10,10,12,8,,0,6,,314
12/7/2013,12,26,19,9,11,8,5,84,65,46,30.63,30.55,30.38,10,10,10,14,7,23,0,1,,295
12/8/2013,12,28,19,10,27,17,6,93,80,65,30.59,30.26,29.96,10,6,1,12,6,,0,6,Snow,88
12/9/2013,12,28,24,18,27,21,10,93,81,63,30.12,29.99,29.88,10,7,1,22,10,29,0.02,7,Snow,228
12/10/2013,12,21,14,8,12,7,1,80,67,48,30.21,30.1,29.99,10,10,10,23,11,29,0,5,,255
12/11/2013,12,24,14,5,18,12,-2,86,75,60,30.48,30.28,30.2,10,6,1,13,9,21,0,7,Snow,262
12/12/2013,12,21,7,-4,13,3,-7,87,71,47,30.47,30.36,30.21,10,9,2,17,6,,0,5,Snow,235
12/13/2013,12,28,24,19,19,17,14,80,72,64,30.27,30.21,30.14,10,10,8,14,7,21,0,7,,207
12/14/2013,12,21,20,19,18,16,13,93,85,71,30.27,30.03,29.79,10,2,0,16,11,23,0.1,8,Fog-Snow,52
12/15/2013,12,24,20,15,20,15,7,93,80,62,30.05,29.86,29.79,10,6,1,22,11,31,0,8,Snow,268
12/16/2013,12,19,7,-5,14,6,-9,92,81,59,30.19,30.08,29.97,10,6,1,8,4,,0.05,4,Snow,195
12/17/2013,12,26,19,12,21,17,8,92,85,79,30.02,29.94,29.86,10,6,1,15,6,22,0.01,7,Snow,237
12/18/2013,12,28,24,19,23,18,13,93,78,61,30.13,30.04,29.92,10,8,2,21,6,24,0,5,Snow,233
12/19/2013,12,39,29,19,33,25,13,89,77,68,29.99,29.94,29.88,10,10,5,8,4,,0,3,,215
12/20/2013,12,41,37,33,41,36,34,100,96,93,29.89,29.79,29.71,5,2,0,13,4,140,0.29,8,Fog-Rain-Snow,112
12/21/2013,12,37,35,33,37,33,31,100,95,92,29.86,29.78,29.65,9,4,0,14,5,20,0.67,8,Fog-Rain,3
12/22/2013,12,37,35,33,35,32,30,100,91,83,29.96,29.72,29.54,10,7,2,18,8,26,0.23,8,Rain-Snow,269
12/23/2013,12,33,27,19,30,22,11,93,76,59,30.32,30.18,29.95,10,9,2,16,9,24,0,8,Snow,275
12/24/2013,12,19,14,7,9,7,3,84,72,54,30.56,30.42,30.3,10,8,2,14,10,20,0,5,Snow,289
12/25/2013,12,25,15,6,22,15,2,88,81,68,30.51,30.3,30.11,10,6,1,15,7,21,0,7,Snow,192
12/26/2013,12,28,26,24,23,21,15,93,81,63,30.3,30.12,30.02,10,5,1,18,9,24,0.02,8,Snow,232
12/27/2013,12,39,32,26,30,27,21,85,78,70,30.32,30.23,30.09,10,10,9,15,5,37,0,4,,214
12/28/2013,12,46,38,30,34,31,27,88,74,59,30.14,30.04,29.91,10,10,7,15,10,24,0,0,,220
12/29/2013,12,44,34,23,32,26,16,93,78,58,30.01,29.82,29.7,10,9,2,20,10,28,0,5,Rain-Snow,296
12/30/2013,12,21,18,16,14,8,2,74,61,52,30.28,30.18,30.03,10,10,6,13,8,21,0,8,Snow,301
12/31/2013,12,19,16,14,16,11,7,88,76,62,30.34,30.17,30.03,10,5,1,18,10,25,0.01,8,Snow,264
